"DetectionEnabled","DetectDuringRestore","DetectDuringBackup","ScanEntireRestorePoint","DetectionAction","NotifyOnDetection","Notifications"
"True","True","True","False","DisableVMNetworkAdapters","True","Email"
